result1
6
6
6
6
6
6
6
6
6
6
6
6
6
8
8
8
8
8
8
8
8
8
8
8
10
10
10
10
10
10
10
10
10
10
12
12
12
12
12
12
12
12
12
12
12
12
14
14
14
14
14
14
14
14
14
14
14
14
16
16
16
16
16
16
16
16
18
18
18
18
18
18
18
18
18
20
20
20
20
20
20
20
20
20
20
22
22
22
22
22
22
22
22
22
22
24
24
24
24
24
24
24
26
26
26
26
26
26
26
28
28
28
28
28
28
28
28
28
28
30
30
30
30
30
30
30
30
30
30
32
32
32
32
32
32
32
32
32
32
32
34
34
34
34
34
34
34
34
34
34
34
34
34
36
36
36
36
36
36
36
36
36
36
36
38
38
38
38
38
38
38
38
40
40
40
40
40
40
40
40
40
40
42
42
42
42
42
42
42
42
44
44
44
44
44
44
44
44
44
44
44
44
44
46
46
46
46
46
46
46
48
48
48
48
48
48
48
48
48
48
48

result2
12675
19200
22707
4800
5547
1452
7500
15552
24843
5547
13068
12288
588
192
5808
19200
22188
147
21168
15123
23232
27648
22707
27
18252
5547
15552
5808
2700
2883
2700
9408
7203
3267
2700
9747
3072
192
3888
300
507
6075
3888
27
4332
14283
25392
5547
14700
24300

result3
6
10
14
18
22
26
30
34
38
42
46
50
54
58
62
66
70
74
78
82
86
90
94
98
102
106
110
114
118
122
126
130
134
138
142
146
150
154
158
162
166
170
174
178
182
186
190
194
198

