65
80
87
40
43
22
50
72
91
43
66
64
14
8
44
80
86
7
84
71
88
96
87
3
78
43
72
44
30
31
30
56
49
33
30
57
32
8
36
10
13
45
36
3
38
69
92
43
70
90
81
64
85
39
8
42
15
60
82
77
4
93
4
49
7
87
77
88
73
69
65
75
21
86
63
55
43
0
3
27
70
89
31
42
63
6
5
10
64
97
75
40
49
27
10
20
78
47
63
78
5
87
95
19
44
13
3
66
28
30
14
66
9
11
67
80
31
53
14
59
53
86
26
12
36
86
29
9
63
8
25
38
54
63
44
26
33
18
15
0
35
20
63
90
12
24
45
43
53
31
8
73
39
72
72
78
3
74
30
32
49
7
11
73
71
25
27
96
24
57
48
2
23
31
44
57
46
89
4
15
9
93
69
60
69
46
85
89
93
71
47
93
92
54
37
2
39
12
44
57
94
66
94
88
23
74
64
65
44
68
1
35
51
91
19
60
55
12
45
34
41
1
14
8
1
95
54
34
47
42
24
50
38
82
52
21
73
95
90
44
17
7
99
40
63
21
53
93
94
66
7
68
93
39
10
1
87
21
67
68
44
89
45
77
49
64
55
37
15
80
25
56
17
90
35
9
40
46
35
84
85
85
39
52
67
74
20
12
46
81
63
49
92
98
77
27
58
89
54
22
86
47
54
59
93
95
53
10
12
64
5
79
37
32
75
66
52
50
78
57
67
90
43
17
20
69
34
72
45
8
75
85
66
76
18
55
64
28
5
24
33
57
39
27
41
87
57
53
36
19
45
76
82
28
7
30
16
77
26
20
51
1
71
32
71
69
82
95
19
80
14
27
29
74
74
80
18
83
33
73
43
20
34
74
17
43
3
11
60
95
92
16
48
56
57
87
1
72
1
94
85
4
69
34
90
30
81
27
87
63
1
7
85
62
12
29
15
3
66
2
11
67
93
78
74
17
87
9
36
62
91
90
94
19
21
50
33
95
19
10
16
99
55
87
18
57
19
86
41
37
37
91
87
41
95
91
39
73
6
71
92
31
60
6
91
61
67
54
75
15
18
79
22
84
79
24
82
77
95
29
5
77
59
60
83
81
0
36
67
63
5
13
61
35
32
62
83
66
35
31
38
39
97
72
32
28
91
6
84
26
68
3
87
45
5
34
86
50
78
71
17
16
50
17
22
37
27
45
79
38
36
49
98
11
25
42
71
37
81
6
54
95
27
22
57
95
39
75
93
85
27
58
57
70
6
74
33
75
94
77
26
94
59
54
61
26
92
94
14
39
13
92
62
61
82
11
74
46
4
19
17
74
14
71
60
71
92
42
92
15
47
29
28
45
56
73
10
90
52
78
85
40
8
63
6
84
63
51
47
54
97
37
80
21
63
32
37
94
26
1
33
73
0
1
22
80
3
48
9
1
60
48
93
34
90
80
92
48
73
92
94
52
10
70
71
37
51
3
52
92
57
36
90
7
12
33
19
58
91
51
5
40
15
23
25
48
23
78
61
84
52
32
79
10
74
25
78
0
32
2
90
84
36
71
44
71
75
93
20
99
68
95
8
30
43
2
82
71
6
14
97
65
72
9
61
22
15
43
73
48
20
52
30
58
68
41
87
35
14
97
44
59
16
40
48
49
88
47
71
89
56
55
20
7
78
53
44
64
50
27
0
38
18
80
93
62
5
98
71
4
27
85
71
42
81
17
66
3
4
68
84
48
5
98
78
98
0
54
84
11
2
94
90
89
86
8
74
21
22
59
32
45
48
9
2
29
79
11
99
33
93
15
82
60
28
74
67
46
52
58
54
55
21
43
41
47
16
43
70
74
96
68
25
73
83
53
92
71
72
21
73
55
41
83
24
55
42
96
2
94
97
51
50
8
51
39
72
62
40
12
36
57
39
92
16
83
34
81
42
41
6
63
13
88
34
12
95
71
82
88
61
55
87
79
15
14
65
70
86
75
94
37
68
46
6
24
12
16
93
61
3
81
21
95
91
34
59
73
78
35
97
1
22
9
14
29
61
6
91
51
28
38
79
69
99
34
58
39
48
84
58
58
20
85
79
22
98
7
76
76
37
28
83
63
59
32
18
4
97
43
61
34
83
86
6
44
88
0
87
78
85
58
98
70
7
17
61
87
28
60
10
64
25
56
60
71
38
35
76
2
6
30
90
40
5
80
59
66
40
81
60
60
88
12
66
18
79
99
78
75
88
36
23
53
18
97
71
13
88
72
34
14
28
37
51
1
79
72
78
3
